[Params]
4
0.498271 0.019524 0.500074 0.020281 
[Data]
31 2
10.000000 5.000000 
15.108009 3.896264 
23.167391 3.462762 
35.583891 3.778081 
53.641725 5.609354 
75.056938 12.579548 
78.658076 38.782088 
39.045447 80.679388 
12.660463 78.601848 
5.558608 56.433773 
3.696462 37.441636 
3.357897 24.351972 
3.756234 15.854609 
4.800494 10.474843 
6.671723 7.126049 
9.764241 5.091456 
14.731292 3.943011 
22.574434 3.470557 
34.676897 3.729607 
52.387908 5.415453 
73.888014 11.829026 
79.802085 36.242312 
41.686090 79.130987 
13.489054 79.718507 
5.768839 57.747464 
3.750322 38.404944 
3.354549 24.993426 
3.714659 16.268098 
4.717661 10.739003 
6.530825 7.284808 
9.528783 5.186081 
[Q_low]
31 2
10.000000 5.000000 
9.222249 -14.132519 
17.237514 -14.149655 
29.594381 -13.140413 
44.119209 -9.599717 
25.763529 1.606607 
9.059932 25.919569 
3.005669 32.887055 
1.109548 26.370203 
-0.271155 19.254680 
-2.052196 8.614466 
-2.421974 0.737740 
-2.026575 -4.821979 
-0.969129 -8.650280 
0.929306 -11.227502 
3.914843 -12.897246 
8.881315 -13.873989 
9.323884 -13.884602 
11.107749 -12.266699 
19.180987 -10.529940 
31.288787 -5.500859 
43.619299 7.980217 
28.925546 21.742871 
7.647090 35.555955 
-0.077281 25.459441 
-2.097816 13.572467 
-2.494000 4.339842 
-2.133585 2.678457 
-1.129995 3.713378 
0.219771 0.971776 
0.374203 -1.128213 
[Q_up]
31 2
10.000000 5.000000 
20.956753 22.792801 
29.008625 22.775666 
41.410891 23.784908 
59.361553 27.325603 
80.857265 38.531927 
84.536149 47.841254 
45.014939 86.254917 
19.272861 84.319840 
11.649422 62.082241 
9.664826 43.764710 
9.295047 37.663060 
9.690446 32.103341 
10.747892 28.275040 
12.646327 25.697819 
15.782903 24.028074 
20.818899 23.051331 
28.766202 22.691892 
41.025691 23.102868 
58.235061 25.052957 
79.714715 31.424461 
85.623868 49.630108 
48.264018 84.190165 
20.577861 84.797864 
11.718502 63.444849 
9.682568 50.497787 
9.293958 41.265162 
9.676939 34.624892 
10.720786 30.001411 
12.600208 26.851554 
15.707974 24.763865 
[Times]
31
0.000000 1.000000 2.000000 3.000000 4.000000 5.000000 6.000000 7.000000 8.000000 9.000000 10.000000 11.000000 12.000000 13.000000 14.000000 15.000000 16.000000 17.000000 18.000000 19.000000 20.000000 21.000000 22.000000 23.000000 24.000000 25.000000 26.000000 27.000000 28.000000 29.000000 30.000000 
