[Params]
2
0.111009 102.868376 
[Data]
11 1
10.000000 
25.366412 
51.307402 
77.277215 
92.705783 
99.344643 
101.747504 
102.632969 
102.914435 
103.008147 
103.039273 
[Q_low]
11 1
10.000000 
7.984427 
30.245512 
55.283603 
73.326192 
78.743481 
80.591122 
81.189613 
81.380209 
81.440578 
81.459665 
[Q_up]
11 1
10.000000 
44.004217 
70.557137 
95.595972 
109.345982 
114.763272 
117.042743 
118.594079 
119.181012 
119.400201 
119.481658 
[Times]
11
0.000000 10.000000 20.000000 30.000000 40.000000 50.000000 60.000000 70.000000 80.000000 90.000000 100.000000 
