10 7
0     0.200000  0.000000  0.000000  0.000000  0.000000  0.000316  0.002296
1200  0.020271  0.027461  0.159002  0.000226  0.000135  0.004465  0.285152
2400  0.008765  0.002706  0.187935  0.000140  0.000294  0.001994  0.214856
3600  0.010216  0.001840  0.207386  0.000098  0.000560  0.003122  0.061196
4800  0.007826  0.000891  0.180733  0.000047  0.000603  0.005025  0.010477
6000  0.011917  0.000941  0.190139  0.000025  0.000554  0.007767  0.036886
7200  0.011890  0.001200  0.180557  0.000021  0.000425  0.007308  0.100268
8400  0.009515  0.001355  0.193322  0.000035  0.000424  0.004112  0.128700
9600  0.010910  0.000986  0.193563  0.000051  0.000456  0.004332  0.086672
10800 0.008755  0.001343  0.175128  0.000035  0.000549  0.004573  0.064486